Far field
"Phi"[deg]	"Horizon [m^2]"	
0.00000000E+00	1.71713543E+00	
1.00000000E+00	1.71704361E+00	
2.00000000E+00	1.71680264E+00	
3.00000000E+00	1.71641331E+00	
4.00000000E+00	1.71587670E+00	
5.00000000E+00	1.71519408E+00	
6.00000000E+00	1.71436698E+00	
7.00000000E+00	1.71339714E+00	
8.00000000E+00	1.71228652E+00	
9.00000000E+00	1.71103728E+00	
1.00000000E+01	1.70965175E+00	
1.10000000E+01	1.70813248E+00	
1.20000000E+01	1.70648218E+00	
1.30000000E+01	1.70470372E+00	
1.40000000E+01	1.70280013E+00	
1.50000000E+01	1.70077458E+00	
1.60000000E+01	1.69863039E+00	
1.70000000E+01	1.69637097E+00	
1.80000000E+01	1.69399989E+00	
1.90000000E+01	1.69152078E+00	
2.00000000E+01	1.68893741E+00	
2.10000000E+01	1.68625360E+00	
2.20000000E+01	1.68347325E+00	
2.30000000E+01	1.68060036E+00	
2.40000000E+01	1.67763896E+00	
2.50000000E+01	1.67459313E+00	
2.60000000E+01	1.67146703E+00	
2.70000000E+01	1.66826480E+00	
2.80000000E+01	1.66499067E+00	
2.90000000E+01	1.66164886E+00	
3.00000000E+01	1.65824361E+00	
3.10000000E+01	1.65477919E+00	
3.20000000E+01	1.65125985E+00	
3.30000000E+01	1.64768988E+00	
3.40000000E+01	1.64407353E+00	
3.50000000E+01	1.64041508E+00	
3.60000000E+01	1.63671879E+00	
3.70000000E+01	1.63298889E+00	
3.80000000E+01	1.62922962E+00	
3.90000000E+01	1.62544519E+00	
4.00000000E+01	1.62163979E+00	
4.10000000E+01	1.61781761E+00	
4.20000000E+01	1.61398279E+00	
4.30000000E+01	1.61013946E+00	
4.40000000E+01	1.60629171E+00	
4.50000000E+01	1.60244363E+00	
4.60000000E+01	1.59859924E+00	
4.70000000E+01	1.59476255E+00	
4.80000000E+01	1.59093756E+00	
4.90000000E+01	1.58712819E+00	
5.00000000E+01	1.58333836E+00	
5.10000000E+01	1.57957194E+00	
5.20000000E+01	1.57583276E+00	
5.30000000E+01	1.57212461E+00	
5.40000000E+01	1.56845125E+00	
5.50000000E+01	1.56481639E+00	
5.60000000E+01	1.56122369E+00	
5.70000000E+01	1.55767677E+00	
5.80000000E+01	1.55417922E+00	
5.90000000E+01	1.55073456E+00	
6.00000000E+01	1.54734627E+00	
6.10000000E+01	1.54401779E+00	
6.20000000E+01	1.54075249E+00	
6.30000000E+01	1.53755372E+00	
6.40000000E+01	1.53442475E+00	
6.50000000E+01	1.53136882E+00	
6.60000000E+01	1.52838909E+00	
6.70000000E+01	1.52548871E+00	
6.80000000E+01	1.52267075E+00	
6.90000000E+01	1.51993824E+00	
7.00000000E+01	1.51729414E+00	
7.10000000E+01	1.51474138E+00	
7.20000000E+01	1.51228283E+00	
7.30000000E+01	1.50992131E+00	
7.40000000E+01	1.50765960E+00	
7.50000000E+01	1.50550039E+00	
7.60000000E+01	1.50344637E+00	
7.70000000E+01	1.50150014E+00	
7.80000000E+01	1.49966426E+00	
7.90000000E+01	1.49794123E+00	
8.00000000E+01	1.49633349E+00	
8.10000000E+01	1.49484343E+00	
8.20000000E+01	1.49347336E+00	
8.30000000E+01	1.49222555E+00	
8.40000000E+01	1.49110218E+00	
8.50000000E+01	1.49010534E+00	
8.60000000E+01	1.48923708E+00	
8.70000000E+01	1.48849934E+00	
8.80000000E+01	1.48789395E+00	
8.90000000E+01	1.48742267E+00	
9.00000000E+01	1.48708713E+00	
9.10000000E+01	1.48688886E+00	
9.20000000E+01	1.48682926E+00	
9.30000000E+01	1.48690957E+00	
9.40000000E+01	1.48713093E+00	
9.50000000E+01	1.48749429E+00	
9.60000000E+01	1.48800044E+00	
9.70000000E+01	1.48865001E+00	
9.80000000E+01	1.48944342E+00	
9.90000000E+01	1.49038091E+00	
1.00000000E+02	1.49146251E+00	
1.01000000E+02	1.49268802E+00	
1.02000000E+02	1.49405703E+00	
1.03000000E+02	1.49556888E+00	
1.04000000E+02	1.49722268E+00	
1.05000000E+02	1.49901726E+00	
1.06000000E+02	1.50095121E+00	
1.07000000E+02	1.50302285E+00	
1.08000000E+02	1.50523023E+00	
1.09000000E+02	1.50757112E+00	
1.10000000E+02	1.51004301E+00	
1.11000000E+02	1.51264312E+00	
1.12000000E+02	1.51536838E+00	
1.13000000E+02	1.51821545E+00	
1.14000000E+02	1.52118071E+00	
1.15000000E+02	1.52426025E+00	
1.16000000E+02	1.52744994E+00	
1.17000000E+02	1.53074535E+00	
1.18000000E+02	1.53414182E+00	
1.19000000E+02	1.53763443E+00	
1.20000000E+02	1.54121806E+00	
1.21000000E+02	1.54488734E+00	
1.22000000E+02	1.54863674E+00	
1.23000000E+02	1.55246050E+00	
1.24000000E+02	1.55635271E+00	
1.25000000E+02	1.56030731E+00	
1.26000000E+02	1.56431808E+00	
1.27000000E+02	1.56837871E+00	
1.28000000E+02	1.57248277E+00	
1.29000000E+02	1.57662376E+00	
1.30000000E+02	1.58079512E+00	
1.31000000E+02	1.58499024E+00	
1.32000000E+02	1.58920249E+00	
1.33000000E+02	1.59342526E+00	
1.34000000E+02	1.59765194E+00	
1.35000000E+02	1.60187596E+00	
1.36000000E+02	1.60609081E+00	
1.37000000E+02	1.61029006E+00	
1.38000000E+02	1.61446736E+00	
1.39000000E+02	1.61861649E+00	
1.40000000E+02	1.62273134E+00	
1.41000000E+02	1.62680594E+00	
1.42000000E+02	1.63083448E+00	
1.43000000E+02	1.63481131E+00	
1.44000000E+02	1.63873096E+00	
1.45000000E+02	1.64258816E+00	
1.46000000E+02	1.64637782E+00	
1.47000000E+02	1.65009507E+00	
1.48000000E+02	1.65373524E+00	
1.49000000E+02	1.65729390E+00	
1.50000000E+02	1.66076683E+00	
1.51000000E+02	1.66415003E+00	
1.52000000E+02	1.66743975E+00	
1.53000000E+02	1.67063246E+00	
1.54000000E+02	1.67372485E+00	
1.55000000E+02	1.67671388E+00	
1.56000000E+02	1.67959671E+00	
1.57000000E+02	1.68237073E+00	
1.58000000E+02	1.68503359E+00	
1.59000000E+02	1.68758312E+00	
1.60000000E+02	1.69001740E+00	
1.61000000E+02	1.69233472E+00	
1.62000000E+02	1.69453359E+00	
1.63000000E+02	1.69661270E+00	
1.64000000E+02	1.69857096E+00	
1.65000000E+02	1.70040748E+00	
1.66000000E+02	1.70212154E+00	
1.67000000E+02	1.70371262E+00	
1.68000000E+02	1.70518035E+00	
1.69000000E+02	1.70652455E+00	
1.70000000E+02	1.70774517E+00	
1.71000000E+02	1.70884235E+00	
1.72000000E+02	1.70981633E+00	
1.73000000E+02	1.71066751E+00	
1.74000000E+02	1.71139640E+00	
1.75000000E+02	1.71200362E+00	
1.76000000E+02	1.71248993E+00	
1.77000000E+02	1.71285613E+00	
1.78000000E+02	1.71310315E+00	
1.79000000E+02	1.71323199E+00	
1.80000000E+02	1.71324370E+00	
1.81000000E+02	1.71313940E+00	
1.82000000E+02	1.71292025E+00	
1.83000000E+02	1.71258746E+00	
1.84000000E+02	1.71214224E+00	
1.85000000E+02	1.71158585E+00	
1.86000000E+02	1.71091953E+00	
1.87000000E+02	1.71014455E+00	
1.88000000E+02	1.70926215E+00	
1.89000000E+02	1.70827355E+00	
1.90000000E+02	1.70717996E+00	
1.91000000E+02	1.70598256E+00	
1.92000000E+02	1.70468247E+00	
1.93000000E+02	1.70328080E+00	
1.94000000E+02	1.70177860E+00	
1.95000000E+02	1.70017686E+00	
1.96000000E+02	1.69847654E+00	
1.97000000E+02	1.69667853E+00	
1.98000000E+02	1.69478370E+00	
1.99000000E+02	1.69279283E+00	
2.00000000E+02	1.69070670E+00	
2.01000000E+02	1.68852602E+00	
2.02000000E+02	1.68625148E+00	
2.03000000E+02	1.68388375E+00	
2.04000000E+02	1.68142348E+00	
2.05000000E+02	1.67887131E+00	
2.06000000E+02	1.67622791E+00	
2.07000000E+02	1.67349397E+00	
2.08000000E+02	1.67067019E+00	
2.09000000E+02	1.66775737E+00	
2.10000000E+02	1.66475635E+00	
2.11000000E+02	1.66166809E+00	
2.12000000E+02	1.65849363E+00	
2.13000000E+02	1.65523417E+00	
2.14000000E+02	1.65189105E+00	
2.15000000E+02	1.64846579E+00	
2.16000000E+02	1.64496009E+00	
2.17000000E+02	1.64137588E+00	
2.18000000E+02	1.63771530E+00	
2.19000000E+02	1.63398077E+00	
2.20000000E+02	1.63017497E+00	
2.21000000E+02	1.62630085E+00	
2.22000000E+02	1.62236167E+00	
2.23000000E+02	1.61836102E+00	
2.24000000E+02	1.61430279E+00	
2.25000000E+02	1.61019122E+00	
2.26000000E+02	1.60603087E+00	
2.27000000E+02	1.60182667E+00	
2.28000000E+02	1.59758386E+00	
2.29000000E+02	1.59330805E+00	
2.30000000E+02	1.58900517E+00	
2.31000000E+02	1.58468148E+00	
2.32000000E+02	1.58034353E+00	
2.33000000E+02	1.57599821E+00	
2.34000000E+02	1.57165267E+00	
2.35000000E+02	1.56731430E+00	
2.36000000E+02	1.56299076E+00	
2.37000000E+02	1.55868989E+00	
2.38000000E+02	1.55441971E+00	
2.39000000E+02	1.55018841E+00	
2.40000000E+02	1.54600427E+00	
2.41000000E+02	1.54187563E+00	
2.42000000E+02	1.53781090E+00	
2.43000000E+02	1.53381846E+00	
2.44000000E+02	1.52990666E+00	
2.45000000E+02	1.52608376E+00	
2.46000000E+02	1.52235790E+00	
2.47000000E+02	1.51873705E+00	
2.48000000E+02	1.51522897E+00	
2.49000000E+02	1.51184118E+00	
2.50000000E+02	1.50858092E+00	
2.51000000E+02	1.50545509E+00	
2.52000000E+02	1.50247025E+00	
2.53000000E+02	1.49963257E+00	
2.54000000E+02	1.49694780E+00	
2.55000000E+02	1.49442124E+00	
2.56000000E+02	1.49205773E+00	
2.57000000E+02	1.48986160E+00	
2.58000000E+02	1.48783669E+00	
2.59000000E+02	1.48598632E+00	
2.60000000E+02	1.48431326E+00	
2.61000000E+02	1.48281975E+00	
2.62000000E+02	1.48150751E+00	
2.63000000E+02	1.48037770E+00	
2.64000000E+02	1.47943093E+00	
2.65000000E+02	1.47866733E+00	
2.66000000E+02	1.47808647E+00	
2.67000000E+02	1.47768746E+00	
2.68000000E+02	1.47746890E+00	
2.69000000E+02	1.47742897E+00	
2.70000000E+02	1.47756537E+00	
2.71000000E+02	1.47787544E+00	
2.72000000E+02	1.47835612E+00	
2.73000000E+02	1.47900401E+00	
2.74000000E+02	1.47981539E+00	
2.75000000E+02	1.48078629E+00	
2.76000000E+02	1.48191245E+00	
2.77000000E+02	1.48318944E+00	
2.78000000E+02	1.48461263E+00	
2.79000000E+02	1.48617726E+00	
2.80000000E+02	1.48787845E+00	
2.81000000E+02	1.48971127E+00	
2.82000000E+02	1.49167072E+00	
2.83000000E+02	1.49375181E+00	
2.84000000E+02	1.49594955E+00	
2.85000000E+02	1.49825900E+00	
2.86000000E+02	1.50067527E+00	
2.87000000E+02	1.50319356E+00	
2.88000000E+02	1.50580920E+00	
2.89000000E+02	1.50851761E+00	
2.90000000E+02	1.51131435E+00	
2.91000000E+02	1.51419512E+00	
2.92000000E+02	1.51715579E+00	
2.93000000E+02	1.52019235E+00	
2.94000000E+02	1.52330098E+00	
2.95000000E+02	1.52647798E+00	
2.96000000E+02	1.52971983E+00	
2.97000000E+02	1.53302315E+00	
2.98000000E+02	1.53638466E+00	
2.99000000E+02	1.53980126E+00	
3.00000000E+02	1.54326992E+00	
3.01000000E+02	1.54678773E+00	
3.02000000E+02	1.55035185E+00	
3.03000000E+02	1.55395952E+00	
3.04000000E+02	1.55760804E+00	
3.05000000E+02	1.56129471E+00	
3.06000000E+02	1.56501687E+00	
3.07000000E+02	1.56877186E+00	
3.08000000E+02	1.57255700E+00	
3.09000000E+02	1.57636955E+00	
3.10000000E+02	1.58020675E+00	
3.11000000E+02	1.58406576E+00	
3.12000000E+02	1.58794364E+00	
3.13000000E+02	1.59183740E+00	
3.14000000E+02	1.59574390E+00	
3.15000000E+02	1.59965990E+00	
3.16000000E+02	1.60358204E+00	
3.17000000E+02	1.60750684E+00	
3.18000000E+02	1.61143067E+00	
3.19000000E+02	1.61534976E+00	
3.20000000E+02	1.61926022E+00	
3.21000000E+02	1.62315800E+00	
3.22000000E+02	1.62703895E+00	
3.23000000E+02	1.63089875E+00	
3.24000000E+02	1.63473300E+00	
3.25000000E+02	1.63853715E+00	
3.26000000E+02	1.64230656E+00	
3.27000000E+02	1.64603650E+00	
3.28000000E+02	1.64972216E+00	
3.29000000E+02	1.65335863E+00	
3.30000000E+02	1.65694100E+00	
3.31000000E+02	1.66046428E+00	
3.32000000E+02	1.66392348E+00	
3.33000000E+02	1.66731359E+00	
3.34000000E+02	1.67062961E+00	
3.35000000E+02	1.67386660E+00	
3.36000000E+02	1.67701963E+00	
3.37000000E+02	1.68008386E+00	
3.38000000E+02	1.68305452E+00	
3.39000000E+02	1.68592695E+00	
3.40000000E+02	1.68869660E+00	
3.41000000E+02	1.69135906E+00	
3.42000000E+02	1.69391006E+00	
3.43000000E+02	1.69634551E+00	
3.44000000E+02	1.69866148E+00	
3.45000000E+02	1.70085426E+00	
3.46000000E+02	1.70292032E+00	
3.47000000E+02	1.70485635E+00	
3.48000000E+02	1.70665929E+00	
3.49000000E+02	1.70832630E+00	
3.50000000E+02	1.70985478E+00	
3.51000000E+02	1.71124238E+00	
3.52000000E+02	1.71248703E+00	
3.53000000E+02	1.71358691E+00	
3.54000000E+02	1.71454045E+00	
3.55000000E+02	1.71534637E+00	
3.56000000E+02	1.71600365E+00	
3.57000000E+02	1.71651155E+00	
3.58000000E+02	1.71686958E+00	
3.59000000E+02	1.71707752E+00	
3.60000000E+02	1.71713543E+00	
